1878742 *
   1 211000022278032
   1 211000022278047
   1 211000022278049
   3 211000022278089
   1 211000022278100
   9 211000022278114
   4 211000022278134
   1 211000022278142
  87 211000022278158
   2 211000022278161
   1 211000022278167
 186 211000022278202
   1 211000022278217
   3 211000022278218
   1 211000022278258
  10 211000022278271
   1 211000022278273
   1 211000022278278
 371 211000022278282
   3 211000022278298
   1 211000022278305
   1 211000022278311
   7 211000022278312
   1 211000022278313
 377 211000022278339
   2 211000022278354
   1 211000022278356
   3 211000022278362
   3 211000022278390
  10 211000022278392
   2 211000022278406
   1 211000022278407
   1 211000022278413
   5 211000022278415
   1 211000022278423
  22 211000022278426
   4 211000022278440
   1 211000022278441
 423 211000022278446
 147 211000022278498
   1 211000022278502
   3 211000022278515
   2 211000022278520
   1 211000022278536
   3 211000022278537
  13 211000022278547
   1 211000022278549
 244 211000022278554
   5 211000022278565
   3 211000022278569
   1 211000022278597
  10 211000022278604
   2 211000022278668
   1 211000022278676
   2 211000022278678
   3 211000022278680
   3 211000022278684
   1 211000022278688
 173 211000022278704
  13 211000022278710
   1 211000022278716
  48 211000022278724
   1 211000022278740
   1 211000022278744
 262 211000022278750
  17 211000022278788
   3 211000022278790
   1 211000022278794
   2 211000022278808
  27 211000022278849
 185 211000022278876
  31 211000022278877
 463 211000022278878
 927 211000022278879
 375 211000022278880
  52 211000022278881
 135 211000022278882
  11 211000022278895
  52 211000022278903
   1 211000022278922
   1 211000022278926
   5 211000022278928
   1 211000022278932
   1 211000022278942
   3 211000022278960
   1 211000022278968
   2 211000022278974
   1 211000022278978
   1 211000022278992
  35 211000022279009
  40 211000022279010
   2 211000022279018
   1 211000022279022
   1 211000022279023
   1 211000022279030
 172 211000022279055
   5 211000022279056
   5 211000022279058
   2 211000022279087
   3 211000022279098
 563 211000022279100
   9 211000022279106
  45 211000022279108
 510 211000022279109
   1 211000022279128
 234 211000022279132
  21 211000022279134
   1 211000022279137
  11 211000022279141
   1 211000022279144
 170 211000022279147
   1 211000022279154
   5 211000022279168
   2 211000022279177
   1 211000022279178
   2 211000022279179
 178 211000022279189
   1 211000022279191
   1 211000022279197
   6 211000022279215
 217 211000022279222
   4 211000022279224
   1 211000022279229
   1 211000022279236
   1 211000022279239
   1 211000022279264
   4 211000022279284
   9 211000022279285
   1 211000022279311
   2 211000022279329
   3 211000022279335
   1 211000022279342
 232 211000022279343
   1 211000022279344
   1 211000022279355
   3 211000022279356
   2 211000022279362
   1 211000022279384
   1 211000022279389
   1 211000022279394
   2 211000022279399
   1 211000022279404
   1 211000022279412
   1 211000022279423
   1 211000022279424
   1 211000022279431
   1 211000022279441
 235 211000022279446
   1 211000022279448
   1 211000022279453
   1 211000022279458
 101 211000022279467
   1 211000022279468
   2 211000022279474
   5 211000022279477
   2 211000022279490
   4 211000022279511
   6 211000022279528
  81 211000022279529
 165 211000022279531
   2 211000022279539
 228 211000022279540
  23 211000022279555
   5 211000022279556
   3 211000022279569
   1 211000022279574
   1 211000022279582
   1 211000022279594
  28 211000022279608
   1 211000022279613
   1 211000022279619
   2 211000022279641
   2 211000022279649
   1 211000022279664
   1 211000022279670
 518 211000022279676
 169 211000022279708
  15 211000022279712
  28 211000022279722
   1 211000022279724
   1 211000022279735
   2 211000022279754
   1 211000022279761
   3 211000022279762
   1 211000022279784
   2 211000022279804
  19 211000022279810
   1 211000022279813
   1 211000022279829
   1 211000022279842
   7 211000022279855
   8 211000022279856
  17 211000022279867
   1 211000022279875
   1 211000022279884
   4 211000022279887
   1 211000022279892
   1 211000022279926
   1 211000022279928
   2 211000022279931
   1 211000022279934
   2 211000022279945
   3 211000022279948
  12 211000022279954
   1 211000022279961
   1 211000022279963
   3 211000022279973
   3 211000022279975
   2 211000022279980
   1 211000022279982
   1 211000022279984
   1 211000022279988
   1 211000022279991
   3 211000022279994
   1 211000022280000
   1 211000022280015
   6 211000022280020
 442 211000022280043
   2 211000022280053
   1 211000022280087
   4 211000022280091
   1 211000022280106
  12 211000022280130
   1 211000022280135
  33 211000022280138
   3 211000022280141
   1 211000022280156
  11 211000022280160
   1 211000022280165
   2 211000022280168
   1 211000022280180
   2 211000022280205
  47 211000022280218
   2 211000022280228
   1 211000022280233
   2 211000022280236
   1 211000022280251
   1 211000022280270
   5 211000022280283
   1 211000022280289
  92 211000022280304
   1 211000022280328
   1 211000022280437
   1 211000022280455
   2 211000022280461
   1 211000022280467
   2 211000022280473
   9 211000022280476
   1 211000022280481
 132 211000022280508
   7 211000022280517
   2 211000022280519
   3 211000022280535
   1 211000022280542
   1 211000022280561
   1 211000022280578
   1 211000022280593
  89 211000022280595
   1 211000022280606
   1 211000022280610
   2 211000022280623
   2 211000022280628
   1 211000022280637
 198 211000022280645
   1 211000022280655
   2 211000022280671
   6 211000022280686
   2 211000022280687
   2 211000022280742
   7 211000022280750
1258325 2L
1499533 2R
   6 2R2_mapped_Scaffold_56
  18 3Cen_mapped_Scaffold_1
  12 3Cen_mapped_Scaffold_31
   1 3Cen_mapped_Scaffold_41
1349665 3L
1734785 3R
97634 4
   1 Unmapped_Scaffold_13
   1 Unmapped_Scaffold_17
   4 Unmapped_Scaffold_22
  19 Unmapped_Scaffold_28
  31 Unmapped_Scaffold_29
   5 Unmapped_Scaffold_35
   8 Unmapped_Scaffold_37
   1 Unmapped_Scaffold_38
  31 Unmapped_Scaffold_4
   7 Unmapped_Scaffold_45
   2 Unmapped_Scaffold_46
   3 Unmapped_Scaffold_48
   4 Unmapped_Scaffold_51
   3 Unmapped_Scaffold_52
 203 Unmapped_Scaffold_58
   9 Unmapped_Scaffold_8
1275642 X
  64 X3X4_mapped_Scaffold_14
   2 XY_mapped_Scaffold_42
5649 Y
   3 Y_mapped_Scaffold_12
  39 Y_mapped_Scaffold_18
   8 Y_mapped_Scaffold_20
   6 Y_mapped_Scaffold_21
   2 Y_mapped_Scaffold_23
   1 Y_mapped_Scaffold_26
   3 Y_mapped_Scaffold_30
   9 Y_mapped_Scaffold_5
   3 Y_mapped_Scaffold_53
   9 Y_mapped_Scaffold_9
17843 dmel_mitochondrion_genome
7207 rDNA
